1.000000 1.000000 1.000000 1.000000 1.000000 1.000000 1.000000 1.000000 1.000000 1.000000 1.000000 1.000000 1.000000 1.000000 1.000000 1.000000 1.000000 1.000000 1.000000 1.000000 1.000000 1.000000 1.000000 1.000000 1.000000 1.000000 1.000000 1.000000 1.000000 1.000000 1.000000 1.000000 1.000000 1.000000 1.000000 1.000000 1.000000 1.000000 1.000000 1.000000 1.000000 1.000000 1.000000 1.000000 1.000000 1.000000 1.000000 1.000000 1.000000 1.000000 1.000000 1.000000 1.000000 1.000000 1.000000 1.000000 1.000000 1.000000 1.000000 1.000000 1.000000 1.000000 1.000000 1.000000 1.000000 1.000000 1.000000 1.000000 1.000000 1.000000 1.000000 1.000000 1.000000 1.000000 1.000000 1.000000 1.000000 1.000000 1.000000 1.000000 1.000000 1.000000 1.000000 1.000000 1.000000 1.000000 1.000000 1.000000 1.000000 1.000000 1.000000 1.000000 1.000000 1.000000 1.000000 1.000000 1.000000 1.000000 1.000000 1.000000 
1.000000 0.998728 0.997458 0.996193 0.994936 0.993689 0.992454 0.991234 0.990032 0.988848 0.987685 0.986546 0.985431 0.984343 0.983283 0.982253 0.981253 0.980285 0.979349 0.978447 0.977579 0.976745 0.975947 0.975183 0.974454 0.973761 0.973102 0.972478 0.971888 0.971332 0.970809 0.970318 0.969859 0.969432 0.969035 0.968667 0.968329 0.968018 0.967735 0.967479 0.967248 0.967043 0.966862 0.966705 0.966572 0.966461 0.966373 0.966308 0.966264 0.966242 0.966242 0.966264 0.966308 0.966373 0.966461 0.966572 0.966705 0.966862 0.967043 0.967248 0.967479 0.967735 0.968018 0.968329 0.968667 0.969035 0.969432 0.969859 0.970318 0.970809 0.971332 0.971888 0.972478 0.973102 0.973761 0.974454 0.975183 0.975947 0.976745 0.977579 0.978447 0.979349 0.980285 0.981253 0.982253 0.983283 0.984343 0.985431 0.986546 0.987685 0.988848 0.990032 0.991234 0.992454 0.993689 0.994936 0.996193 0.997458 0.998728 1.000000 
1.000000 0.997458 0.994921 0.992394 0.989882 0.987391 0.984924 0.982486 0.980083 0.977718 0.975395 0.973118 0.970892 0.968718 0.966600 0.964541 0.962543 0.960609 0.958740 0.956937 0.955203 0.953537 0.951942 0.950416 0.948960 0.947574 0.946258 0.945011 0.943832 0.942721 0.941676 0.940696 0.939779 0.938925 0.938132 0.937398 0.936721 0.936101 0.935535 0.935023 0.934562 0.934152 0.933791 0.933477 0.933211 0.932990 0.932814 0.932683 0.932596 0.932553 0.932553 0.932596 0.932683 0.932814 0.932990 0.933211 0.933477 0.933791 0.934152 0.934562 0.935023 0.935535 0.936101 0.936721 0.937398 0.938132 0.938925 0.939779 0.940696 0.941676 0.942721 0.943832 0.945011 0.946258 0.947574 0.948960 0.950416 0.951942 0.953537 0.955203 0.956937 0.958740 0.960609 0.962543 0.964541 0.966600 0.968718 0.970892 0.973118 0.975395 0.977718 0.980083 0.982486 0.984924 0.987391 0.989882 0.992394 0.994921 0.997458 1.000000 
1.000000 0.996193 0.992394 0.988610 0.984849 0.981117 0.977423 0.973773 0.970174 0.966633 0.963154 0.959745 0.956410 0.953155 0.949983 0.946900 0.943908 0.941012 0.938213 0.935514 0.932916 0.930422 0.928033 0.925748 0.923568 0.921493 0.919522 0.917654 0.915889 0.914224 0.912659 0.911191 0.909819 0.908540 0.907352 0.906253 0.905240 0.904311 0.903464 0.902697 0.902007 0.901392 0.900851 0.900382 0.899983 0.899652 0.899389 0.899193 0.899062 0.898997 0.898997 0.899062 0.899193 0.899389 0.899652 0.899983 0.900382 0.900851 0.901392 0.902007 0.902697 0.903464 0.904311 0.905240 0.906253 0.907352 0.908540 0.909819 0.911191 0.912659 0.914224 0.915889 0.917654 0.919522 0.921493 0.923568 0.925748 0.928033 0.930422 0.932916 0.935514 0.938213 0.941012 0.943908 0.946900 0.949983 0.953155 0.956410 0.959745 0.963154 0.966633 0.970174 0.973773 0.977423 0.981117 0.984849 0.988610 0.992394 0.996193 1.000000 
1.000000 0.994936 0.989882 0.984849 0.979845 0.974882 0.969968 0.965113 0.960325 0.955614 0.950987 0.946451 0.942015 0.937685 0.933466 0.929365 0.925385 0.921532 0.917809 0.914218 0.910763 0.907446 0.904267 0.901227 0.898327 0.895567 0.892945 0.890461 0.888113 0.885899 0.883817 0.881864 0.880039 0.878337 0.876757 0.875295 0.873947 0.872712 0.871585 0.870565 0.869647 0.868829 0.868110 0.867485 0.866954 0.866515 0.866165 0.865904 0.865730 0.865643 0.865643 0.865730 0.865904 0.866165 0.866515 0.866954 0.867485 0.868110 0.868829 0.869647 0.870565 0.871585 0.872712 0.873947 0.875295 0.876757 0.878337 0.880039 0.881864 0.883817 0.885899 0.888113 0.890461 0.892945 0.895567 0.898327 0.901227 0.904267 0.907446 0.910763 0.914218 0.917809 0.921532 0.925385 0.929365 0.933466 0.937685 0.942015 0.946451 0.950987 0.955614 0.960325 0.965113 0.969968 0.974882 0.979845 0.984849 0.989882 0.994936 1.000000 
1.000000 0.993689 0.987391 0.981117 0.974882 0.968696 0.962572 0.956521 0.950554 0.944683 0.938916 0.933264 0.927736 0.922339 0.917081 0.911969 0.907010 0.902208 0.897567 0.893093 0.888787 0.884653 0.880691 0.876903 0.873289 0.869849 0.866581 0.863485 0.860559 0.857799 0.855205 0.852771 0.850496 0.848376 0.846406 0.844584 0.842905 0.841365 0.839961 0.838689 0.837545 0.836526 0.835629 0.834851 0.834189 0.833641 0.833205 0.832880 0.832664 0.832556 0.832556 0.832664 0.832880 0.833205 0.833641 0.834189 0.834851 0.835629 0.836526 0.837545 0.838689 0.839961 0.841365 0.842905 0.844584 0.846406 0.848376 0.850496 0.852771 0.855205 0.857799 0.860559 0.863485 0.866581 0.869849 0.873289 0.876903 0.880691 0.884653 0.888787 0.893093 0.897567 0.902208 0.907010 0.911969 0.917081 0.922339 0.927736 0.933264 0.938916 0.944683 0.950554 0.956521 0.962572 0.968696 0.974882 0.981117 0.987391 0.993689 1.000000 
1.000000 0.992454 0.984924 0.977423 0.969968 0.962572 0.955250 0.948015 0.940881 0.933861 0.926966 0.920208 0.913598 0.907146 0.900859 0.894748 0.888818 0.883076 0.877528 0.872178 0.867030 0.862087 0.857350 0.852821 0.848500 0.844386 0.840480 0.836778 0.833279 0.829980 0.826878 0.823968 0.821248 0.818713 0.816358 0.814179 0.812171 0.810331 0.808652 0.807131 0.805764 0.804545 0.803473 0.802543 0.801751 0.801096 0.800575 0.800186 0.799927 0.799798 0.799798 0.799927 0.800186 0.800575 0.801096 0.801751 0.802543 0.803473 0.804545 0.805764 0.807131 0.808652 0.810331 0.812171 0.814179 0.816358 0.818713 0.821248 0.823968 0.826878 0.829980 0.833279 0.836778 0.840480 0.844386 0.848500 0.852821 0.857350 0.862087 0.867030 0.872178 0.877528 0.883076 0.888818 0.894748 0.900859 0.907146 0.913598 0.920208 0.926966 0.933861 0.940881 0.948015 0.955250 0.962572 0.969968 0.977423 0.984924 0.992454 1.000000 
1.000000 0.991234 0.982486 0.973773 0.965113 0.956521 0.948015 0.939611 0.931323 0.923168 0.915159 0.907309 0.899630 0.892134 0.884831 0.877732 0.870843 0.864173 0.857728 0.851514 0.845533 0.839791 0.834288 0.829027 0.824007 0.819229 0.814691 0.810391 0.806326 0.802494 0.798890 0.795510 0.792350 0.789405 0.786669 0.784138 0.781806 0.779667 0.777717 0.775951 0.774362 0.772947 0.771701 0.770620 0.769701 0.768940 0.768335 0.767882 0.767582 0.767432 0.767432 0.767582 0.767882 0.768335 0.768940 0.769701 0.770620 0.771701 0.772947 0.774362 0.775951 0.777717 0.779667 0.781806 0.784138 0.786669 0.789405 0.792350 0.795510 0.798890 0.802494 0.806326 0.810391 0.814691 0.819229 0.824007 0.829027 0.834288 0.839791 0.845533 0.851514 0.857728 0.864173 0.870843 0.877732 0.884831 0.892134 0.899630 0.907309 0.915159 0.923168 0.931323 0.939611 0.948015 0.956521 0.965113 0.973773 0.982486 0.991234 1.000000 
1.000000 0.990032 0.980083 0.970174 0.960325 0.950554 0.940881 0.931323 0.921899 0.912625 0.903516 0.894589 0.885856 0.877332 0.869027 0.860953 0.853119 0.845534 0.838205 0.831137 0.824336 0.817805 0.811548 0.805564 0.799856 0.794422 0.789261 0.784371 0.779748 0.775390 0.771292 0.767448 0.763855 0.760505 0.757394 0.754516 0.751864 0.749432 0.747214 0.745205 0.743398 0.741789 0.740372 0.739143 0.738098 0.737232 0.736544 0.736030 0.735688 0.735517 0.735517 0.735688 0.736030 0.736544 0.737232 0.738098 0.739143 0.740372 0.741789 0.743398 0.745205 0.747214 0.749432 0.751864 0.754516 0.757394 0.760505 0.763855 0.767448 0.771292 0.775390 0.779748 0.784371 0.789261 0.794422 0.799856 0.805564 0.811548 0.817805 0.824336 0.831137 0.838205 0.845534 0.853119 0.860953 0.869027 0.877332 0.885856 0.894589 0.903516 0.912625 0.921899 0.931323 0.940881 0.950554 0.960325 0.970174 0.980083 0.990032 1.000000 
1.000000 0.988848 0.977718 0.966633 0.955614 0.944683 0.933861 0.923168 0.912625 0.902249 0.892059 0.882071 0.872302 0.862765 0.853474 0.844441 0.835677 0.827191 0.818991 0.811085 0.803476 0.796170 0.789169 0.782475 0.776089 0.770010 0.764236 0.758765 0.753594 0.748718 0.744133 0.739833 0.735813 0.732066 0.728585 0.725365 0.722398 0.719677 0.717196 0.714948 0.712927 0.711127 0.709542 0.708167 0.706998 0.706029 0.705259 0.704684 0.704301 0.704111 0.704111 0.704301 0.704684 0.705259 0.706029 0.706998 0.708167 0.709542 0.711127 0.712927 0.714948 0.717196 0.719677 0.722398 0.725365 0.728585 0.732066 0.735813 0.739833 0.744133 0.748718 0.753594 0.758765 0.764236 0.770010 0.776089 0.782475 0.789169 0.796170 0.803476 0.811085 0.818991 0.827191 0.835677 0.844441 0.853474 0.862765 0.872302 0.882071 0.892059 0.902249 0.912625 0.923168 0.933861 0.944683 0.955614 0.966633 0.977718 0.988848 1.000000 
1.000000 0.987685 0.975395 0.963154 0.950987 0.938916 0.926966 0.915159 0.903516 0.892059 0.880806 0.869778 0.858990 0.848459 0.838199 0.828225 0.818547 0.809177 0.800122 0.791391 0.782989 0.774922 0.767191 0.759800 0.752748 0.746035 0.739659 0.733618 0.727907 0.722523 0.717460 0.712712 0.708273 0.704135 0.700292 0.696736 0.693460 0.690455 0.687716 0.685234 0.683002 0.681014 0.679264 0.677745 0.676454 0.675385 0.674534 0.673899 0.673477 0.673266 0.673266 0.673477 0.673899 0.674534 0.675385 0.676454 0.677745 0.679264 0.681014 0.683002 0.685234 0.687716 0.690455 0.693460 0.696736 0.700292 0.704135 0.708273 0.712712 0.717460 0.722523 0.727907 0.733618 0.739659 0.746035 0.752748 0.759800 0.767191 0.774922 0.782989 0.791391 0.800122 0.809177 0.818547 0.828225 0.838199 0.848459 0.858990 0.869778 0.880806 0.892059 0.903516 0.915159 0.926966 0.938916 0.950987 0.963154 0.975395 0.987685 1.000000 
1.000000 0.986546 0.973118 0.959745 0.946451 0.933264 0.920208 0.907309 0.894589 0.882071 0.869778 0.857728 0.845942 0.834437 0.823228 0.812331 0.801758 0.791520 0.781628 0.772089 0.762910 0.754096 0.745650 0.737574 0.729870 0.722536 0.715570 0.708970 0.702731 0.696849 0.691318 0.686130 0.681280 0.676760 0.672561 0.668676 0.665096 0.661814 0.658821 0.656109 0.653671 0.651499 0.649587 0.647928 0.646517 0.645349 0.644420 0.643726 0.643265 0.643035 0.643035 0.643265 0.643726 0.644420 0.645349 0.646517 0.647928 0.649587 0.651499 0.653671 0.656109 0.658821 0.661814 0.665096 0.668676 0.672561 0.676760 0.681280 0.686130 0.691318 0.696849 0.702731 0.708970 0.715570 0.722536 0.729870 0.737574 0.745650 0.754096 0.762910 0.772089 0.781628 0.791520 0.801758 0.812331 0.823228 0.834437 0.845942 0.857728 0.869778 0.882071 0.894589 0.907309 0.920208 0.933264 0.946451 0.959745 0.973118 0.986546 1.000000 
1.000000 0.985431 0.970892 0.956410 0.942015 0.927736 0.913598 0.899630 0.885856 0.872302 0.858990 0.845942 0.833180 0.820721 0.808584 0.796784 0.785335 0.774249 0.763538 0.753208 0.743269 0.733725 0.724579 0.715835 0.707492 0.699550 0.692008 0.684861 0.678106 0.671736 0.665746 0.660129 0.654877 0.649982 0.645436 0.641229 0.637353 0.633799 0.630558 0.627621 0.624981 0.622630 0.620559 0.618763 0.617235 0.615970 0.614964 0.614212 0.613713 0.613464 0.613464 0.613713 0.614212 0.614964 0.615970 0.617235 0.618763 0.620559 0.622630 0.624981 0.627621 0.630558 0.633799 0.637353 0.641229 0.645436 0.649982 0.654877 0.660129 0.665746 0.671736 0.678106 0.684861 0.692008 0.699550 0.707492 0.715835 0.724579 0.733725 0.743269 0.753208 0.763538 0.774249 0.785335 0.796784 0.808584 0.820721 0.833180 0.845942 0.858990 0.872302 0.885856 0.899630 0.913598 0.927736 0.942015 0.956410 0.970892 0.985431 1.000000 
1.000000 0.984343 0.968718 0.953155 0.937685 0.922339 0.907146 0.892134 0.877332 0.862765 0.848459 0.834437 0.820721 0.807333 0.794289 0.781608 0.769304 0.757390 0.745878 0.734778 0.724096 0.713839 0.704010 0.694613 0.685647 0.677113 0.669007 0.661326 0.654066 0.647221 0.640784 0.634748 0.629103 0.623843 0.618957 0.614436 0.610270 0.606451 0.602968 0.599812 0.596975 0.594448 0.592222 0.590292 0.588650 0.587291 0.586210 0.585402 0.584865 0.584597 0.584597 0.584865 0.585402 0.586210 0.587291 0.588650 0.590292 0.592222 0.594448 0.596975 0.599812 0.602968 0.606451 0.610270 0.614436 0.618957 0.623843 0.629103 0.634748 0.640784 0.647221 0.654066 0.661326 0.669007 0.677113 0.685647 0.694613 0.704010 0.713839 0.724096 0.734778 0.745878 0.757390 0.769304 0.781608 0.794289 0.807333 0.820721 0.834437 0.848459 0.862765 0.877332 0.892134 0.907146 0.922339 0.937685 0.953155 0.968718 0.984343 1.000000 
1.000000 0.983283 0.966600 0.949983 0.933466 0.917081 0.900859 0.884831 0.869027 0.853474 0.838199 0.823228 0.808584 0.794289 0.780362 0.766823 0.753686 0.740966 0.728675 0.716822 0.705418 0.694466 0.683972 0.673939 0.664366 0.655254 0.646599 0.638398 0.630647 0.623338 0.616466 0.610021 0.603994 0.598378 0.593161 0.588334 0.583887 0.579809 0.576090 0.572721 0.569691 0.566993 0.564617 0.562556 0.560803 0.559352 0.558197 0.557335 0.556762 0.556476 0.556476 0.556762 0.557335 0.558197 0.559352 0.560803 0.562556 0.564617 0.566993 0.569691 0.572721 0.576090 0.579809 0.583887 0.588334 0.593161 0.598378 0.603994 0.610021 0.616466 0.623338 0.630647 0.638398 0.646599 0.655254 0.664366 0.673939 0.683972 0.694466 0.705418 0.716822 0.728675 0.740966 0.753686 0.766823 0.780362 0.794289 0.808584 0.823228 0.838199 0.853474 0.869027 0.884831 0.900859 0.917081 0.933466 0.949983 0.966600 0.983283 1.000000 
1.000000 0.982253 0.964541 0.946900 0.929365 0.911969 0.894748 0.877732 0.860953 0.844441 0.828225 0.812331 0.796784 0.781608 0.766823 0.752448 0.738501 0.724997 0.711948 0.699366 0.687258 0.675631 0.664491 0.653839 0.643676 0.634002 0.624814 0.616108 0.607878 0.600119 0.592823 0.585981 0.579583 0.573620 0.568082 0.562957 0.558236 0.553906 0.549958 0.546381 0.543165 0.540301 0.537778 0.535590 0.533729 0.532189 0.530963 0.530047 0.529439 0.529135 0.529135 0.529439 0.530047 0.530963 0.532189 0.533729 0.535590 0.537778 0.540301 0.543165 0.546381 0.549958 0.553906 0.558236 0.562957 0.568082 0.573620 0.579583 0.585981 0.592823 0.600119 0.607878 0.616108 0.624814 0.634002 0.643676 0.653839 0.664491 0.675631 0.687258 0.699366 0.711948 0.724997 0.738501 0.752448 0.766823 0.781608 0.796784 0.812331 0.828225 0.844441 0.860953 0.877732 0.894748 0.911969 0.929365 0.946900 0.964541 0.982253 1.000000 
1.000000 0.981253 0.962543 0.943908 0.925385 0.907010 0.888818 0.870843 0.853119 0.835677 0.818547 0.801758 0.785335 0.769304 0.753686 0.738501 0.723769 0.709504 0.695720 0.682428 0.669639 0.657357 0.645589 0.634336 0.623601 0.613382 0.603676 0.594480 0.585787 0.577591 0.569884 0.562656 0.555898 0.549599 0.543749 0.538336 0.533348 0.528775 0.524605 0.520826 0.517429 0.514403 0.511738 0.509427 0.507461 0.505834 0.504539 0.503572 0.502929 0.502609 0.502609 0.502929 0.503572 0.504539 0.505834 0.507461 0.509427 0.511738 0.514403 0.517429 0.520826 0.524605 0.528775 0.533348 0.538336 0.543749 0.549599 0.555898 0.562656 0.569884 0.577591 0.585787 0.594480 0.603676 0.613382 0.623601 0.634336 0.645589 0.657357 0.669639 0.682428 0.695720 0.709504 0.723769 0.738501 0.753686 0.769304 0.785335 0.801758 0.818547 0.835677 0.853119 0.870843 0.888818 0.907010 0.925385 0.943908 0.962543 0.981253 1.000000 
1.000000 0.980285 0.960609 0.941012 0.921532 0.902208 0.883076 0.864173 0.845534 0.827191 0.809177 0.791520 0.774249 0.757390 0.740966 0.724997 0.709504 0.694502 0.680007 0.666029 0.652578 0.639662 0.627286 0.615453 0.604164 0.593417 0.583210 0.573539 0.564397 0.555778 0.547672 0.540071 0.532964 0.526340 0.520188 0.514495 0.509250 0.504441 0.500055 0.496082 0.492509 0.489327 0.486525 0.484094 0.482027 0.480315 0.478954 0.477937 0.477261 0.476924 0.476924 0.477261 0.477937 0.478954 0.480315 0.482027 0.484094 0.486525 0.489327 0.492509 0.496082 0.500055 0.504441 0.509250 0.514495 0.520188 0.526340 0.532964 0.540071 0.547672 0.555778 0.564397 0.573539 0.583210 0.593417 0.604164 0.615453 0.627286 0.639662 0.652578 0.666029 0.680007 0.694502 0.709504 0.724997 0.740966 0.757390 0.774249 0.791520 0.809177 0.827191 0.845534 0.864173 0.883076 0.902208 0.921532 0.941012 0.960609 0.980285 1.000000 
1.000000 0.979349 0.958740 0.938213 0.917809 0.897567 0.877528 0.857728 0.838205 0.818991 0.800122 0.781628 0.763538 0.745878 0.728675 0.711948 0.695720 0.680007 0.664823 0.650182 0.636093 0.622565 0.609602 0.597207 0.585382 0.574125 0.563434 0.553304 0.543728 0.534700 0.526210 0.518249 0.510804 0.503866 0.497422 0.491459 0.485966 0.480928 0.476334 0.472172 0.468430 0.465097 0.462162 0.459616 0.457451 0.455658 0.454232 0.453167 0.452459 0.452106 0.452106 0.452459 0.453167 0.454232 0.455658 0.457451 0.459616 0.462162 0.465097 0.468430 0.472172 0.476334 0.480928 0.485966 0.491459 0.497422 0.503866 0.510804 0.518249 0.526210 0.534700 0.543728 0.553304 0.563434 0.574125 0.585382 0.597207 0.609602 0.622565 0.636093 0.650182 0.664823 0.680007 0.695720 0.711948 0.728675 0.745878 0.763538 0.781628 0.800122 0.818991 0.838205 0.857728 0.877528 0.897567 0.917809 0.938213 0.958740 0.979349 1.000000 
1.000000 0.978447 0.956937 0.935514 0.914218 0.893093 0.872178 0.851514 0.831137 0.811085 0.791391 0.772089 0.753208 0.734778 0.716822 0.699366 0.682428 0.666029 0.650182 0.634901 0.620197 0.606078 0.592548 0.579612 0.567271 0.555523 0.544364 0.533792 0.523798 0.514376 0.505515 0.497206 0.489436 0.482195 0.475469 0.469246 0.463513 0.458255 0.453461 0.449117 0.445211 0.441733 0.438670 0.436013 0.433753 0.431882 0.430393 0.429281 0.428543 0.428174 0.428174 0.428543 0.429281 0.430393 0.431882 0.433753 0.436013 0.438670 0.441733 0.445211 0.449117 0.453461 0.458255 0.463513 0.469246 0.475469 0.482195 0.489436 0.497206 0.505515 0.514376 0.523798 0.533792 0.544364 0.555523 0.567271 0.579612 0.592548 0.606078 0.620197 0.634901 0.650182 0.666029 0.682428 0.699366 0.716822 0.734778 0.753208 0.772089 0.791391 0.811085 0.831137 0.851514 0.872178 0.893093 0.914218 0.935514 0.956937 0.978447 1.000000 
1.000000 0.977579 0.955203 0.932916 0.910763 0.888787 0.867030 0.845533 0.824336 0.803476 0.782989 0.762910 0.743269 0.724096 0.705418 0.687258 0.669639 0.652578 0.636093 0.620197 0.604901 0.590213 0.576139 0.562682 0.549843 0.537622 0.526014 0.515016 0.504620 0.494818 0.485601 0.476957 0.468875 0.461342 0.454345 0.447872 0.441907 0.436438 0.431451 0.426932 0.422869 0.419250 0.416064 0.413300 0.410949 0.409002 0.407454 0.406298 0.405529 0.405146 0.405146 0.405529 0.406298 0.407454 0.409002 0.410949 0.413300 0.416064 0.419250 0.422869 0.426932 0.431451 0.436438 0.441907 0.447872 0.454345 0.461342 0.468875 0.476957 0.485601 0.494818 0.504620 0.515016 0.526014 0.537622 0.549843 0.562682 0.576139 0.590213 0.604901 0.620197 0.636093 0.652578 0.669639 0.687258 0.705418 0.724096 0.743269 0.762910 0.782989 0.803476 0.824336 0.845533 0.867030 0.888787 0.910763 0.932916 0.955203 0.977579 1.000000 
1.000000 0.976745 0.953537 0.930422 0.907446 0.884653 0.862087 0.839791 0.817805 0.796170 0.774922 0.754096 0.733725 0.713839 0.694466 0.675631 0.657357 0.639662 0.622565 0.606078 0.590213 0.574979 0.560382 0.546424 0.533108 0.520433 0.508394 0.496987 0.486204 0.476038 0.466478 0.457513 0.449130 0.441318 0.434061 0.427347 0.421160 0.415488 0.410315 0.405629 0.401415 0.397661 0.394357 0.391490 0.389052 0.387033 0.385427 0.384228 0.383431 0.383033 0.383033 0.383431 0.384228 0.385427 0.387033 0.389052 0.391490 0.394357 0.397661 0.401415 0.405629 0.410315 0.415488 0.421160 0.427347 0.434061 0.441318 0.449130 0.457513 0.466478 0.476038 0.486204 0.496987 0.508394 0.520433 0.533108 0.546424 0.560382 0.574979 0.590213 0.606078 0.622565 0.639662 0.657357 0.675631 0.694466 0.713839 0.733725 0.754096 0.774922 0.796170 0.817805 0.839791 0.862087 0.884653 0.907446 0.930422 0.953537 0.976745 1.000000 
1.000000 0.975947 0.951942 0.928033 0.904267 0.880691 0.857350 0.834288 0.811548 0.789169 0.767191 0.745650 0.724579 0.704010 0.683972 0.664491 0.645589 0.627286 0.609602 0.592548 0.576139 0.560382 0.545283 0.530846 0.517073 0.503962 0.491510 0.479711 0.468558 0.458043 0.448155 0.438881 0.430211 0.422130 0.414625 0.407680 0.401281 0.395414 0.390064 0.385216 0.380858 0.376975 0.373557 0.370592 0.368070 0.365982 0.364321 0.363080 0.362256 0.361844 0.361844 0.362256 0.363080 0.364321 0.365982 0.368070 0.370592 0.373557 0.376975 0.380858 0.385216 0.390064 0.395414 0.401281 0.407680 0.414625 0.422130 0.430211 0.438881 0.448155 0.458043 0.468558 0.479711 0.491510 0.503962 0.517073 0.530846 0.545283 0.560382 0.576139 0.592548 0.609602 0.627286 0.645589 0.664491 0.683972 0.704010 0.724579 0.745650 0.767191 0.789169 0.811548 0.834288 0.857350 0.880691 0.904267 0.928033 0.951942 0.975947 1.000000 
1.000000 0.975183 0.950416 0.925748 0.901227 0.876903 0.852821 0.829027 0.805564 0.782475 0.759800 0.737574 0.715835 0.694613 0.673939 0.653839 0.634336 0.615453 0.597207 0.579612 0.562682 0.546424 0.530846 0.515952 0.501741 0.488214 0.475366 0.463193 0.451686 0.440837 0.430635 0.421068 0.412122 0.403785 0.396041 0.388876 0.382274 0.376220 0.370700 0.365699 0.361202 0.357197 0.353670 0.350611 0.348008 0.345854 0.344140 0.342861 0.342010 0.341585 0.341585 0.342010 0.342861 0.344140 0.345854 0.348008 0.350611 0.353670 0.357197 0.361202 0.365699 0.370700 0.376220 0.382274 0.388876 0.396041 0.403785 0.412122 0.421068 0.430635 0.440837 0.451686 0.463193 0.475366 0.488214 0.501741 0.515952 0.530846 0.546424 0.562682 0.579612 0.597207 0.615453 0.634336 0.653839 0.673939 0.694613 0.715835 0.737574 0.759800 0.782475 0.805564 0.829027 0.852821 0.876903 0.901227 0.925748 0.950416 0.975183 1.000000 
1.000000 0.974454 0.948960 0.923568 0.898327 0.873289 0.848500 0.824007 0.799856 0.776089 0.752748 0.729870 0.707492 0.685647 0.664366 0.643676 0.623601 0.604164 0.585382 0.567271 0.549843 0.533108 0.517073 0.501741 0.487114 0.473189 0.459965 0.447434 0.435590 0.424422 0.413920 0.404072 0.394864 0.386282 0.378311 0.370935 0.364140 0.357909 0.352227 0.347078 0.342450 0.338327 0.334697 0.331548 0.328869 0.326652 0.324887 0.323570 0.322695 0.322258 0.322258 0.322695 0.323570 0.324887 0.326652 0.328869 0.331548 0.334697 0.338327 0.342450 0.347078 0.352227 0.357909 0.364140 0.370935 0.378311 0.386282 0.394864 0.404072 0.413920 0.424422 0.435590 0.447434 0.459965 0.473189 0.487114 0.501741 0.517073 0.533108 0.549843 0.567271 0.585382 0.604164 0.623601 0.643676 0.664366 0.685647 0.707492 0.729870 0.752748 0.776089 0.799856 0.824007 0.848500 0.873289 0.898327 0.923568 0.948960 0.974454 1.000000 
1.000000 0.973761 0.947574 0.921493 0.895567 0.869849 0.844386 0.819229 0.794422 0.770010 0.746035 0.722536 0.699550 0.677113 0.655254 0.634002 0.613382 0.593417 0.574125 0.555523 0.537622 0.520433 0.503962 0.488214 0.473189 0.458887 0.445304 0.432433 0.420267 0.408796 0.398009 0.387894 0.378436 0.369621 0.361433 0.353858 0.346878 0.340478 0.334641 0.329353 0.324599 0.320364 0.316636 0.313401 0.310650 0.308372 0.306560 0.305207 0.304308 0.303859 0.303859 0.304308 0.305207 0.306560 0.308372 0.310650 0.313401 0.316636 0.320364 0.324599 0.329353 0.334641 0.340478 0.346878 0.353858 0.361433 0.369621 0.378436 0.387894 0.398009 0.408796 0.420267 0.432433 0.445304 0.458887 0.473189 0.488214 0.503962 0.520433 0.537622 0.555523 0.574125 0.593417 0.613382 0.634002 0.655254 0.677113 0.699550 0.722536 0.746035 0.770010 0.794422 0.819229 0.844386 0.869849 0.895567 0.921493 0.947574 0.973761 1.000000 
1.000000 0.973102 0.946258 0.919522 0.892945 0.866581 0.840480 0.814691 0.789261 0.764236 0.739659 0.715570 0.692008 0.669007 0.646599 0.624814 0.603676 0.583210 0.563434 0.544364 0.526014 0.508394 0.491510 0.475366 0.459965 0.445304 0.431379 0.418185 0.405714 0.393955 0.382898 0.372529 0.362833 0.353797 0.345404 0.337638 0.330483 0.323922 0.317940 0.312519 0.307646 0.303304 0.299482 0.296167 0.293346 0.291012 0.289154 0.287767 0.286845 0.286385 0.286385 0.286845 0.287767 0.289154 0.291012 0.293346 0.296167 0.299482 0.303304 0.307646 0.312519 0.317940 0.323922 0.330483 0.337638 0.345404 0.353797 0.362833 0.372529 0.382898 0.393955 0.405714 0.418185 0.431379 0.445304 0.459965 0.475366 0.491510 0.508394 0.526014 0.544364 0.563434 0.583210 0.603676 0.624814 0.646599 0.669007 0.692008 0.715570 0.739659 0.764236 0.789261 0.814691 0.840480 0.866581 0.892945 0.919522 0.946258 0.973102 1.000000 
1.000000 0.972478 0.945011 0.917654 0.890461 0.863485 0.836778 0.810391 0.784371 0.758765 0.733618 0.708970 0.684861 0.661326 0.638398 0.616108 0.594480 0.573539 0.553304 0.533792 0.515016 0.496987 0.479711 0.463193 0.447434 0.432433 0.418185 0.404685 0.391925 0.379894 0.368579 0.357970 0.348049 0.338804 0.330216 0.322270 0.314949 0.308236 0.302115 0.296568 0.291582 0.287140 0.283229 0.279837 0.276951 0.274562 0.272661 0.271242 0.270299 0.269828 0.269828 0.270299 0.271242 0.272661 0.274562 0.276951 0.279837 0.283229 0.287140 0.291582 0.296568 0.302115 0.308236 0.314949 0.322270 0.330216 0.338804 0.348049 0.357970 0.368579 0.379894 0.391925 0.404685 0.418185 0.432433 0.447434 0.463193 0.479711 0.496987 0.515016 0.533792 0.553304 0.573539 0.594480 0.616108 0.638398 0.661326 0.684861 0.708970 0.733618 0.758765 0.784371 0.810391 0.836778 0.863485 0.890461 0.917654 0.945011 0.972478 1.000000 
1.000000 0.971888 0.943832 0.915889 0.888113 0.860559 0.833279 0.806326 0.779748 0.753594 0.727907 0.702731 0.678106 0.654066 0.630647 0.607878 0.585787 0.564397 0.543728 0.523798 0.504620 0.486204 0.468558 0.451686 0.435590 0.420267 0.405714 0.391925 0.378891 0.366602 0.355045 0.344208 0.334075 0.324631 0.315860 0.307744 0.300266 0.293409 0.287156 0.281491 0.276398 0.271861 0.267866 0.264401 0.261453 0.259013 0.257072 0.255622 0.254659 0.254178 0.254178 0.254659 0.255622 0.257072 0.259013 0.261453 0.264401 0.267866 0.271861 0.276398 0.281491 0.287156 0.293409 0.300266 0.307744 0.315860 0.324631 0.334075 0.344208 0.355045 0.366602 0.378891 0.391925 0.405714 0.420267 0.435590 0.451686 0.468558 0.486204 0.504620 0.523798 0.543728 0.564397 0.585787 0.607878 0.630647 0.654066 0.678106 0.702731 0.727907 0.753594 0.779748 0.806326 0.833279 0.860559 0.888113 0.915889 0.943832 0.971888 1.000000 
1.000000 0.971332 0.942721 0.914224 0.885899 0.857799 0.829980 0.802494 0.775390 0.748718 0.722523 0.696849 0.671736 0.647221 0.623338 0.600119 0.577591 0.555778 0.534700 0.514376 0.494818 0.476038 0.458043 0.440837 0.424422 0.408796 0.393955 0.379894 0.366602 0.354069 0.342284 0.331233 0.320900 0.311269 0.302324 0.294047 0.286421 0.279429 0.273053 0.267276 0.262081 0.257455 0.253381 0.249847 0.246842 0.244353 0.242374 0.240895 0.239913 0.239423 0.239423 0.239913 0.240895 0.242374 0.244353 0.246842 0.249847 0.253381 0.257455 0.262081 0.267276 0.273053 0.279429 0.286421 0.294047 0.302324 0.311269 0.320900 0.331233 0.342284 0.354069 0.366602 0.379894 0.393955 0.408796 0.424422 0.440837 0.458043 0.476038 0.494818 0.514376 0.534700 0.555778 0.577591 0.600119 0.623338 0.647221 0.671736 0.696849 0.722523 0.748718 0.775390 0.802494 0.829980 0.857799 0.885899 0.914224 0.942721 0.971332 1.000000 
1.000000 0.970809 0.941676 0.912659 0.883817 0.855205 0.826878 0.798890 0.771292 0.744133 0.717460 0.691318 0.665746 0.640784 0.616466 0.592823 0.569884 0.547672 0.526210 0.505515 0.485601 0.466478 0.448155 0.430635 0.413920 0.398009 0.382898 0.368579 0.355045 0.342284 0.330284 0.319031 0.308510 0.298703 0.289595 0.281167 0.273403 0.266283 0.259790 0.253908 0.248619 0.243908 0.239760 0.236162 0.233101 0.230567 0.228552 0.227046 0.226046 0.225547 0.225547 0.226046 0.227046 0.228552 0.230567 0.233101 0.236162 0.239760 0.243908 0.248619 0.253908 0.259790 0.266283 0.273403 0.281167 0.289595 0.298703 0.308510 0.319031 0.330284 0.342284 0.355045 0.368579 0.382898 0.398009 0.413920 0.430635 0.448155 0.466478 0.485601 0.505515 0.526210 0.547672 0.569884 0.592823 0.616466 0.640784 0.665746 0.691318 0.717460 0.744133 0.771292 0.798890 0.826878 0.855205 0.883817 0.912659 0.941676 0.970809 1.000000 
1.000000 0.970318 0.940696 0.911191 0.881864 0.852771 0.823968 0.795510 0.767448 0.739833 0.712712 0.686130 0.660129 0.634748 0.610021 0.585981 0.562656 0.540071 0.518249 0.497206 0.476957 0.457513 0.438881 0.421068 0.404072 0.387894 0.372529 0.357970 0.344208 0.331233 0.319031 0.307589 0.296891 0.286920 0.277659 0.269089 0.261194 0.253955 0.247353 0.241372 0.235994 0.231204 0.226986 0.223328 0.220216 0.217640 0.215590 0.214060 0.213042 0.212535 0.212535 0.213042 0.214060 0.215590 0.217640 0.220216 0.223328 0.226986 0.231204 0.235994 0.241372 0.247353 0.253955 0.261194 0.269089 0.277659 0.286920 0.296891 0.307589 0.319031 0.331233 0.344208 0.357970 0.372529 0.387894 0.404072 0.421068 0.438881 0.457513 0.476957 0.497206 0.518249 0.540071 0.562656 0.585981 0.610021 0.634748 0.660129 0.686130 0.712712 0.739833 0.767448 0.795510 0.823968 0.852771 0.881864 0.911191 0.940696 0.970318 1.000000 
1.000000 0.969859 0.939779 0.909819 0.880039 0.850496 0.821248 0.792350 0.763855 0.735813 0.708273 0.681280 0.654877 0.629103 0.603994 0.579583 0.555898 0.532964 0.510804 0.489436 0.468875 0.449130 0.430211 0.412122 0.394864 0.378436 0.362833 0.348049 0.334075 0.320900 0.308510 0.296891 0.286027 0.275902 0.266498 0.257797 0.249779 0.242428 0.235725 0.229651 0.224190 0.219326 0.215043 0.211328 0.208168 0.205552 0.203471 0.201917 0.200884 0.200369 0.200369 0.200884 0.201917 0.203471 0.205552 0.208168 0.211328 0.215043 0.219326 0.224190 0.229651 0.235725 0.242428 0.249779 0.257797 0.266498 0.275902 0.286027 0.296891 0.308510 0.320900 0.334075 0.348049 0.362833 0.378436 0.394864 0.412122 0.430211 0.449130 0.468875 0.489436 0.510804 0.532964 0.555898 0.579583 0.603994 0.629103 0.654877 0.681280 0.708273 0.735813 0.763855 0.792350 0.821248 0.850496 0.880039 0.909819 0.939779 0.969859 1.000000 
1.000000 0.969432 0.938925 0.908540 0.878337 0.848376 0.818713 0.789405 0.760505 0.732066 0.704135 0.676760 0.649982 0.623843 0.598378 0.573620 0.549599 0.526340 0.503866 0.482195 0.461342 0.441318 0.422130 0.403785 0.386282 0.369621 0.353797 0.338804 0.324631 0.311269 0.298703 0.286920 0.275902 0.265634 0.256096 0.247271 0.239141 0.231685 0.224887 0.218727 0.213189 0.208256 0.203912 0.200145 0.196940 0.194287 0.192176 0.190600 0.189552 0.189030 0.189030 0.189552 0.190600 0.192176 0.194287 0.196940 0.200145 0.203912 0.208256 0.213189 0.218727 0.224887 0.231685 0.239141 0.247271 0.256096 0.265634 0.275902 0.286920 0.298703 0.311269 0.324631 0.338804 0.353797 0.369621 0.386282 0.403785 0.422130 0.441318 0.461342 0.482195 0.503866 0.526340 0.549599 0.573620 0.598378 0.623843 0.649982 0.676760 0.704135 0.732066 0.760505 0.789405 0.818713 0.848376 0.878337 0.908540 0.938925 0.969432 1.000000 
1.000000 0.969035 0.938132 0.907352 0.876757 0.846406 0.816358 0.786669 0.757394 0.728585 0.700292 0.672561 0.645436 0.618957 0.593161 0.568082 0.543749 0.520188 0.497422 0.475469 0.454345 0.434061 0.414625 0.396041 0.378311 0.361433 0.345404 0.330216 0.315860 0.302324 0.289595 0.277659 0.266498 0.256096 0.246435 0.237496 0.229259 0.221707 0.214820 0.208581 0.202971 0.197973 0.193574 0.189757 0.186511 0.183823 0.181685 0.180089 0.179027 0.178498 0.178498 0.179027 0.180089 0.181685 0.183823 0.186511 0.189757 0.193574 0.197973 0.202971 0.208581 0.214820 0.221707 0.229259 0.237496 0.246435 0.256096 0.266498 0.277659 0.289595 0.302324 0.315860 0.330216 0.345404 0.361433 0.378311 0.396041 0.414625 0.434061 0.454345 0.475469 0.497422 0.520188 0.543749 0.568082 0.593161 0.618957 0.645436 0.672561 0.700292 0.728585 0.757394 0.786669 0.816358 0.846406 0.876757 0.907352 0.938132 0.969035 1.000000 
1.000000 0.968667 0.937398 0.906253 0.875295 0.844584 0.814179 0.784138 0.754516 0.725365 0.696736 0.668676 0.641229 0.614436 0.588334 0.562957 0.538336 0.514495 0.491459 0.469246 0.447872 0.427347 0.407680 0.388876 0.370935 0.353858 0.337638 0.322270 0.307744 0.294047 0.281167 0.269089 0.257797 0.247271 0.237496 0.228450 0.220116 0.212475 0.205506 0.199193 0.193516 0.188460 0.184008 0.180146 0.176861 0.174142 0.171978 0.170363 0.169289 0.168753 0.168753 0.169289 0.170363 0.171978 0.174142 0.176861 0.180146 0.184008 0.188460 0.193516 0.199193 0.205506 0.212475 0.220116 0.228450 0.237496 0.247271 0.257797 0.269089 0.281167 0.294047 0.307744 0.322270 0.337638 0.353858 0.370935 0.388876 0.407680 0.427347 0.447872 0.469246 0.491459 0.514495 0.538336 0.562957 0.588334 0.614436 0.641229 0.668676 0.696736 0.725365 0.754516 0.784138 0.814179 0.844584 0.875295 0.906253 0.937398 0.968667 1.000000 
1.000000 0.968329 0.936721 0.905240 0.873947 0.842905 0.812171 0.781806 0.751864 0.722398 0.693460 0.665096 0.637353 0.610270 0.583887 0.558236 0.533348 0.509250 0.485966 0.463513 0.441907 0.421160 0.401281 0.382274 0.364140 0.346878 0.330483 0.314949 0.300266 0.286421 0.273403 0.261194 0.249779 0.239141 0.229259 0.220116 0.211692 0.203968 0.196925 0.190543 0.184805 0.179694 0.175194 0.171291 0.167970 0.165222 0.163035 0.161402 0.160317 0.159775 0.159775 0.160317 0.161402 0.163035 0.165222 0.167970 0.171291 0.175194 0.179694 0.184805 0.190543 0.196925 0.203968 0.211692 0.220116 0.229259 0.239141 0.249779 0.261194 0.273403 0.286421 0.300266 0.314949 0.330483 0.346878 0.364140 0.382274 0.401281 0.421160 0.441907 0.463513 0.485966 0.509250 0.533348 0.558236 0.583887 0.610270 0.637353 0.665096 0.693460 0.722398 0.751864 0.781806 0.812171 0.842905 0.873947 0.905240 0.936721 0.968329 1.000000 
1.000000 0.968018 0.936101 0.904311 0.872712 0.841365 0.810331 0.779667 0.749432 0.719677 0.690455 0.661814 0.633799 0.606451 0.579809 0.553906 0.528775 0.504441 0.480928 0.458255 0.436438 0.415488 0.395414 0.376220 0.357909 0.340478 0.323922 0.308236 0.293409 0.279429 0.266283 0.253955 0.242428 0.231685 0.221707 0.212475 0.203968 0.196168 0.189056 0.182611 0.176817 0.171657 0.167113 0.163171 0.159818 0.157043 0.154834 0.153185 0.152089 0.151542 0.151542 0.152089 0.153185 0.154834 0.157043 0.159818 0.163171 0.167113 0.171657 0.176817 0.182611 0.189056 0.196168 0.203968 0.212475 0.221707 0.231685 0.242428 0.253955 0.266283 0.279429 0.293409 0.308236 0.323922 0.340478 0.357909 0.376220 0.395414 0.415488 0.436438 0.458255 0.480928 0.504441 0.528775 0.553906 0.579809 0.606451 0.633799 0.661814 0.690455 0.719677 0.749432 0.779667 0.810331 0.841365 0.872712 0.904311 0.936101 0.968018 1.000000 
1.000000 0.967735 0.935535 0.903464 0.871585 0.839961 0.808652 0.777717 0.747214 0.717196 0.687716 0.658821 0.630558 0.602968 0.576090 0.549958 0.524605 0.500055 0.476334 0.453461 0.431451 0.410315 0.390064 0.370700 0.352227 0.334641 0.317940 0.302115 0.287156 0.273053 0.259790 0.247353 0.235725 0.224887 0.214820 0.205506 0.196925 0.189056 0.181880 0.175379 0.169534 0.164327 0.159743 0.155767 0.152384 0.149584 0.147356 0.145693 0.144587 0.144035 0.144035 0.144587 0.145693 0.147356 0.149584 0.152384 0.155767 0.159743 0.164327 0.169534 0.175379 0.181880 0.189056 0.196925 0.205506 0.214820 0.224887 0.235725 0.247353 0.259790 0.273053 0.287156 0.302115 0.317940 0.334641 0.352227 0.370700 0.390064 0.410315 0.431451 0.453461 0.476334 0.500055 0.524605 0.549958 0.576090 0.602968 0.630558 0.658821 0.687716 0.717196 0.747214 0.777717 0.808652 0.839961 0.871585 0.903464 0.935535 0.967735 1.000000 
1.000000 0.967479 0.935023 0.902697 0.870565 0.838689 0.807131 0.775951 0.745205 0.714948 0.685234 0.656109 0.627621 0.599812 0.572721 0.546381 0.520826 0.496082 0.472172 0.449117 0.426932 0.405629 0.385216 0.365699 0.347078 0.329353 0.312519 0.296568 0.281491 0.267276 0.253908 0.241372 0.229651 0.218727 0.208581 0.199193 0.190543 0.182611 0.175379 0.168826 0.162934 0.157687 0.153066 0.149058 0.145649 0.142826 0.140581 0.138904 0.137790 0.137234 0.137234 0.137790 0.138904 0.140581 0.142826 0.145649 0.149058 0.153066 0.157687 0.162934 0.168826 0.175379 0.182611 0.190543 0.199193 0.208581 0.218727 0.229651 0.241372 0.253908 0.267276 0.281491 0.296568 0.312519 0.329353 0.347078 0.365699 0.385216 0.405629 0.426932 0.449117 0.472172 0.496082 0.520826 0.546381 0.572721 0.599812 0.627621 0.656109 0.685234 0.714948 0.745205 0.775951 0.807131 0.838689 0.870565 0.902697 0.935023 0.967479 1.000000 
1.000000 0.967248 0.934562 0.902007 0.869647 0.837545 0.805764 0.774362 0.743398 0.712927 0.683002 0.653671 0.624981 0.596975 0.569691 0.543165 0.517429 0.492509 0.468430 0.445211 0.422869 0.401415 0.380858 0.361202 0.342450 0.324599 0.307646 0.291582 0.276398 0.262081 0.248619 0.235994 0.224190 0.213189 0.202971 0.193516 0.184805 0.176817 0.169534 0.162934 0.157001 0.151716 0.147063 0.143026 0.139593 0.136751 0.134489 0.132801 0.131678 0.131118 0.131118 0.131678 0.132801 0.134489 0.136751 0.139593 0.143026 0.147063 0.151716 0.157001 0.162934 0.169534 0.176817 0.184805 0.193516 0.202971 0.213189 0.224190 0.235994 0.248619 0.262081 0.276398 0.291582 0.307646 0.324599 0.342450 0.361202 0.380858 0.401415 0.422869 0.445211 0.468430 0.492509 0.517429 0.543165 0.569691 0.596975 0.624981 0.653671 0.683002 0.712927 0.743398 0.774362 0.805764 0.837545 0.869647 0.902007 0.934562 0.967248 1.000000 
1.000000 0.967043 0.934152 0.901392 0.868829 0.836526 0.804545 0.772947 0.741789 0.711127 0.681014 0.651499 0.622630 0.594448 0.566993 0.540301 0.514403 0.489327 0.465097 0.441733 0.419250 0.397661 0.376975 0.357197 0.338327 0.320364 0.303304 0.287140 0.271861 0.257455 0.243908 0.231204 0.219326 0.208256 0.197973 0.188460 0.179694 0.171657 0.164327 0.157687 0.151716 0.146398 0.141716 0.137654 0.134199 0.131339 0.129063 0.127364 0.126235 0.125671 0.125671 0.126235 0.127364 0.129063 0.131339 0.134199 0.137654 0.141716 0.146398 0.151716 0.157687 0.164327 0.171657 0.179694 0.188460 0.197973 0.208256 0.219326 0.231204 0.243908 0.257455 0.271861 0.287140 0.303304 0.320364 0.338327 0.357197 0.376975 0.397661 0.419250 0.441733 0.465097 0.489327 0.514403 0.540301 0.566993 0.594448 0.622630 0.651499 0.681014 0.711127 0.741789 0.772947 0.804545 0.836526 0.868829 0.901392 0.934152 0.967043 1.000000 
1.000000 0.966862 0.933791 0.900851 0.868110 0.835629 0.803473 0.771701 0.740372 0.709542 0.679264 0.649587 0.620559 0.592222 0.564617 0.537778 0.511738 0.486525 0.462162 0.438670 0.416064 0.394357 0.373557 0.353670 0.334697 0.316636 0.299482 0.283229 0.267866 0.253381 0.239760 0.226986 0.215043 0.203912 0.193574 0.184008 0.175194 0.167113 0.159743 0.153066 0.147063 0.141716 0.137008 0.132924 0.129450 0.126574 0.124286 0.122577 0.121442 0.120875 0.120875 0.121442 0.122577 0.124286 0.126574 0.129450 0.132924 0.137008 0.141716 0.147063 0.153066 0.159743 0.167113 0.175194 0.184008 0.193574 0.203912 0.215043 0.226986 0.239760 0.253381 0.267866 0.283229 0.299482 0.316636 0.334697 0.353670 0.373557 0.394357 0.416064 0.438670 0.462162 0.486525 0.511738 0.537778 0.564617 0.592222 0.620559 0.649587 0.679264 0.709542 0.740372 0.771701 0.803473 0.835629 0.868110 0.900851 0.933791 0.966862 1.000000 
1.000000 0.966705 0.933477 0.900382 0.867485 0.834851 0.802543 0.770620 0.739143 0.708167 0.677745 0.647928 0.618763 0.590292 0.562556 0.535590 0.509427 0.484094 0.459616 0.436013 0.413300 0.391490 0.370592 0.350611 0.331548 0.313401 0.296167 0.279837 0.264401 0.249847 0.236162 0.223328 0.211328 0.200145 0.189757 0.180146 0.171291 0.163171 0.155767 0.149058 0.143026 0.137654 0.132924 0.128820 0.125330 0.122441 0.120142 0.118425 0.117284 0.116715 0.116715 0.117284 0.118425 0.120142 0.122441 0.125330 0.128820 0.132924 0.137654 0.143026 0.149058 0.155767 0.163171 0.171291 0.180146 0.189757 0.200145 0.211328 0.223328 0.236162 0.249847 0.264401 0.279837 0.296167 0.313401 0.331548 0.350611 0.370592 0.391490 0.413300 0.436013 0.459616 0.484094 0.509427 0.535590 0.562556 0.590292 0.618763 0.647928 0.677745 0.708167 0.739143 0.770620 0.802543 0.834851 0.867485 0.900382 0.933477 0.966705 1.000000 
